&DIV1D_NUMERICS
  NX = 500
  NOUT_STEPS = 50
  NOUT = 100
  NTIME = 5000
  DXMIN =  5.00000000000000e-02
  DELTA_T =  1.00000000000000e-05
  ABSTOL =  1.00000000000000e-06
  RELTOL =  1.00000000000000e-06
  VISCOSITY =  5.00000000000000e-01
  METHOD = 227
  DENSITY_NORM =  1.00000000000000e+19
  TEMPERATURE_NORM =  1.00000000000000e+00
  VELOCITY_NORM =  1.00000000000000e+04
  EVOLVE_CORE = 1
  EVOLVE_BACKGROUND = 1
/
&DIV1D_PHYSICS
  GAMMA =  6.00000000000000e+00
  L =  1.80000000000000e+01
  L_CORE_SOL =  1.00000000000000e+01
  X_CORE_SOL =  0.00000000000000e+00
  Q_CORE =  2.70000000000000e+05
  IMPURITY_CONCENTRATION =  3.00000000000000E-02  0.00000000000000E+00  0.00000000000000E+00
  0.00000000000000E+00  0.00000000000000E+00
  NEUTRAL_ENERGY =  5.00000000000000e-01
  INITIAL_A =  1.00000000000000e+15
  INITIAL_N =  1.00000000000000e+19
  INITIAL_M =  1.00000000000000e+15
  INITIAL_T =  1.00000000000000e+02
  CORE_IONIZATION_FRACTION =  9.00000000000000e-01
  NEUTRAL_RESIDENCE_TIME =  7.50000000000000e-04
  MOLECULE_RESIDENCE_TIME =  1.50000000000000e-02
  CORE_SOL_NEUTRAL_EX =  1.00000000000000e-20
  INITIAL_CORE_NEUTRAL =  1.00000000000000e+13
  CORE_SOL_MOLECULE_EX =  1.00000000000000e-20
  MAJOR_RADIUS = -1.00000000000000e+00
  SINTHETA = -1.00000000000000e+00
  FLUX_EXPANSION = -1.00000000000000e+00
  RECYCLING =  4.00000000000000e-01
  SOL_WIDTH_OMP =  1.10000000000000e-02
  LOCATION_OMP =  0.00000000000000e+00
  ALPHA_CORE_PROFILE_N =  1.00000000000000e-01
  ALPHA_CORE_PROFILE_Q =  1.00000000000000e+00
  TRANS_EXPANSION =  2.10000000000000e+00
  MOL_REC =  1.00000000000000e+00
  SIGMA_NB =  4.50000000000000e-01
  CORE_EXT_NEUTRAL_PUMP =  0.00000000000000E+00  0.00000000000000E+00  0.00000000000000E+00
  0.00000000000000E+00  3.11746770156000E+02
  EXTERN_NEUTRAL_EX =  0.00000000000000E+00  4.91972363963825E+03  0.00000000000000E+00
  EXTERN_MOLECULE_EX =  0.00000000000000E+00  4.34846243393996E+02  0.00000000000000E+00
  PUFF_RATE_NEUTRAL =  0.00000000000000E+00  0.00000000000000E+00  8.49697300000000E+20
  0.00000000000000E+00  0.00000000000000E+00
  PUFF_RATE_MOLECULE =  0.00000000000000E+00  0.00000000000000E+00  1.69456405006303E+20
  2.61292129499370E+21  2.25000000000000E+20
  PUMP_RATE_N =  0.00000000000000E+00  0.00000000000000E+00  0.00000000000000E+00
  1.00861223881566E+03  3.62187927225674E+02
  PUMP_RATE_M =  0.00000000000000E+00  0.00000000000000E+00  0.00000000000000E+00
  0.00000000000000E+00  7.27490355969127E+02
  CORE_CONFINEMENT_TIME =  1.27338238389300e-02
  CORE_VOLUME =  1.00000000000000e+00
  INITIAL_NCORE =  5.13000000000000e+19
  CORE_FUELLING =  5.00000000000000e+19
  POL_TARGET_ANGLE =  9.00000000000000E+01  1.00000000000000E+02
  INITIAL_NB =  1.12000700000000E+18  8.71025480000000E+17  4.42118330000000E+17
  8.71025480000000E+17  1.12000700000000E+18
  INITIAL_MB =  6.54680905000000E+18  3.89168290000000E+18  2.21550870000000E+18
  3.89168290000000E+18  6.54680905000000E+18
  GAMMA_CORE =  4.33920787623192e+21
/
